31652
0
51164
51715
31028
37926
4063
13837
46161
65115
53140
29153
12051
59572
15519
32566
2031
52500
53021
55242
62512
23687
41298
19455
26885
45586
46374
51574
1508
56105
44972
47563
62701
3291
7421
61707
14825
9271
37629
53996
56319
30373
32615
19427
39457
9244
14302
63905
25570
64942
6467
52243
10596
5831
28938
3719
6681
29532
20345
5788
3308
12537
44910
24151
20973
32961
65271
1566
28482
52453
40707
15637
30264
14731
30425
55412
29364
8023
64752
5894
36047
12677
53753
45984
29389
19082
9989
43562
34426
44315
1137
31960
42308
15466
14239
3329
39871
24984
14557
53937
58460
9710
64615
8646
1012
24082
2152
22955
3511
33207
47519
6029
51538
8747
45033
28829
59913
36924
30420
42194
23048
39974
41888
53451
820
59404
34099
47471
47997
50168
51797
37785
10170
14607
2780
32777
62028
52560
14317
38451
39815
43453
41446
43365
18081
30394
30390
14743
8069
17842
34040
9790
35332
53347
19962
3018
2694
52517
22182
42624
26807
61726
31649
64839
42845
54557
19453
28429
7734
29862
1513
25550
60751
36969
26074
22886
39300
19018
41346
12854
28957
51648
28685
6888
15176
20344
10142
31462
7771
36739
45153
17263
56555
28121
16039
35088
57823
53773
35572
48526
48445
30958
10186
39641
61281
48524
58514
64692
17486
54113
6780
36104
46512
59590
46841
28646
19839
63614
46751
38631
58894
35408
7717
16882
52226
25216
56575
35689
11406
50704
8488
59958
11071
60076
44348
62154
22674
52510
39958
37729
49628
44134
32614
46654
48576
64072
64526
59340
2918
43188
28369
1364
34564
19939
61816
25951
8650
58342
29433
37677
36483
43935
55269
62717
7457
31556
4719
18359
3730
1417
22082
9229
38281
15632
29474
1901
10503
12153
42299
2192
32764
41263
60050
17007
54157
28306
64778
35530
1131
40262
14251
37344
12481
63631
59142
35212
47247
45865
16223
51411
48965
32514
37558
4237
57390
50396
31802
33876
4372
37587
55603
41576
61638
44427
20625
29759
61115
9348
19747
27181
39913
23353
4600
19691
58186
42528
37024
671
4275
10512
62498
36851
12066
23512
11709
25478
64021
34429
61549
8347
2276
14501
22933
28589
64768
35745
26270
59017
58684
15491
23820
36996
7832
63402
31386
38884
14140
43541
55720
50792
34797
14880
8754
8722
48261
37316
50231
38676
37369
37967
27958
3735
61820
8358
47643
19906
57824
5174
53613
45017
47925
55757
18808
4852
41624
9921
11055
55246
44521
24769
57253
31728
38545
49961
45746
22732
38930
50239
21638
21612
53503
48583
23893
38664
9091
18570
29887
36592
25543
42159
357
65409
28444
35049
32752
31464
13390
42203
6719
20316
31988
26650
19282
39289
30369
23247
14784
13544
12808
45008
40050
44154
941
7654
2909
63969
28124
28559
23273
58697
56450
18879
19561
38043
29074
9077
27450
27449
45536
17789
17481
46126
26471
27597
24652
52191
13442
36036
5813
6613
23711
42595
46107
18825
18405
51885
49469
55301
26944
2835
58262
26253
61056
11038
46240
56843
4666
1277
40133
32329
60333
25407
49612
36124
11216
25164
10683
46844
42172
38386
33145
61996
41822
40085
26076
6622
49123
9611
29894
42509
41176
60452
54915
10505
23823
47160
56387
17282
24985
4293
62228
56618
35273
12485
43601
55662
1883
47844
17404
36619
48816
8626
1223
48439
22396
18442
49976
62304
51760
19668
33081
43013
4057
5650
54361
63868
35218
5601
42593
6016
2025
2213
15654
4033
13942
27309
17524
33062
52713
64720
49996
2821
56403
34814
58743
1388
53552
52928
30403
45112
48803
11822
60882
63027
29721
17923
15315
43508
5567
19714
1198
45652
37115
46292
56032
34274
36251
60034
752
3647
5933
22339
46962
12297
24297
3233
63180
49139
26134
34651
21264
17520
45143
47622
49486
2774
62893
43907
60395
31157
10967
47700
29261
13856
44296
23739
55928
22903
20803
39600
52903
12012
199
41605
52325
30135
14527
40809
23480
5417
38016
19071
40595
19610
46244
47105
57974
22762
41860
21012
25348
5658
58848
16138
39831
31706
59027
4298
4832
51618
25365
19315
7598
32993
1369
20988
34813
50076
56292
40281
46382
37407
58325
54555
40083
38255
12061
48240
1452
27622
17661
48071
47891
46197
26848
45700
45798
43344
19774
17735
47918
61147
718
59594
22358
9613
26790
55107
42134
51081
3553
4832
15716
17182
63977
48065
54033
7282
41607
48829
10099
4230
132
11462
712
50418
4373
5383
62047
61479
38309
15905
65284
10264
53690
37227
1333
40803
47273
63034
2239
9469
8313
65281
20513
14120
25944
28402
36270
2449
34516
53476
5111
1666
22315
10219
29626
48762
21041
871
51904
62942
11834
52162
4097
49385
6959
3760
20785
30742
58289
35352
56291
64898
3933
6032
57352
60539
40160
53365
7581
8647
42013
30685
31643
47962
62787
40015
1424
33683
46741
60351
16161
25809
51485
55520
13349
20637
57862
11664
20618
12257
25466
15232
14319
21012
745
36442
22751
9745
46009
55718
22151
12992
29338
9495
5247
36371
55289
17376
56875
57411
33926
33568
60873
9786
56055
18771
20796
21092
13080
30858
39910
62916
64838
42893
63491
48510
47069
22369
28378
43557
17139
53961
51318
63354
65442
20706
18702
7160
18413
45808
7890
41205
34926
64579
17902
50486
36563
43490
30024
30322
15539
53917
46165
43207
38650
30698
9237
1983
19480
28675
23271
27059
1995
39774
14016
62949
55196
46565
62341
5729
10444
39108
36441
49748
33807
32573
27270
31423
44791
12565
56303
11293
43802
29494
46435
41535
41268
60384
31137
4714
61521
42807
1013
37113
46857
33645
52209
54663
29953
11664
42621
8559
7661
45359
41034
14900
49858
25136
16909
25273
708
37134
61663
58628
51705
49955
54300
51469
38504
21099
37199
40458
65232
26294
38210
252
34136
13793
35510
44831
46162
44427
631
15316
1001
59162
22804
55664
21168
41724
13138
23019
41351
6737
53050
37165
60132
39557
11031
28128
3833
62794
8604
26756
63276
64819
415
45576
58530
13265
31683
54597
52498
58926
39014
12174
16179
10269
36658
50894
25353
8688
3903
1285
47707
44959
48643
54313
37069
24516
21378
28794
59988
62737
56970
9335
57088
59786
62400
32563
63079
24791
6337
38411
20417
493
55606
35759
24502
26894
2389
4831
18244
7554
42914
32931
20732
2753
10629
29495
57474
34686
19245
11758
3336
38459
30276
51614
